Nodes count: 10

Adjacency matrix:
0 0 1 1 1 0 0 1 1 0 
0 0 0 1 0 1 0 0 0 0 
0 0 0 0 0 0 1 0 0 0 
0 0 0 0 1 0 1 0 1 1 
0 1 0 0 0 1 0 0 0 1 
0 0 0 0 1 0 0 0 0 1 
0 1 0 0 0 0 0 1 0 0 
0 1 0 1 1 0 0 0 0 0 
0 1 0 0 0 0 1 0 0 0 
0 0 0 0 0 0 0 0 0 0 

Paths:
1, 4, 9, 7, 8, 2, 6, 5, 10
1, 9, 2, 4, 7, 8, 5, 10
1, 3, 7, 2, 4, 10
1, 5, 6, 10
1, 8, 4, 10

Cycles:
2, 4, 5, 2

Adjacency list:
1: 3, 4, 5, 8, 9, 
2: 4, 6, 
3: 7, 
4: 5, 7, 9, 10, 
5: 2, 6, 10, 
6: 5, 10, 
7: 2, 8, 
8: 2, 4, 5, 
9: 2, 7, 
10: 

